$ 1 0.000005 10.20027730826997 50 5 50 5e-11
w 640 512 704 512 0
w 32 208 80 208 0
r 80 208 128 208 0 2000
r 752 512 800 512 0 2000
w 704 512 704 464 0
r 704 464 704 416 0 2200
r 704 384 704 336 0 4700
w 704 416 704 400 0
w 704 400 704 384 0
w 704 336 704 320 0
w 704 320 704 304 0
r 704 304 704 256 0 390
w 704 256 704 208 0
w 704 208 848 208 0
w 848 208 848 320 0
w 848 368 848 496 0
w 704 512 752 512 0
t 800 512 848 512 0 1 0.5715253284385649 0.6516393533848388 100 default
162 848 320 848 368 2 default-led 1 0 0 0.01
t 176 208 224 208 0 1 0.600553454881579 0.6572517371364326 100 default
w 128 208 176 208 0
w 704 400 592 400 0
s 512 400 592 400 0 1 false
w 224 224 224 400 0
w 224 400 512 400 0
w 224 400 32 400 0
w 848 528 848 560 0
w 848 560 896 560 0
w 896 560 896 160 0
w 896 160 224 160 0
w 224 160 224 192 0
207 32 400 32 352 4 orange
207 32 208 32 160 4 blue
207 400 320 400 272 4 purple
207 640 512 576 512 4 Input
b 496 96 912 642 0
w 400 320 704 320 0
207 496 96 496 32 4 Once\sfor\severy\sinput
207 -80 96 -80 48 4 Common\sfor\sall\sinputs
g -48 416 -48 432 0 0
R 320 304 320 272 0 0 40 5 0 0 0.5
b -167 94 457 592 0
S 400 320 320 320 0 1 false 0 2
S 32 400 -48 400 0 0 false 0 2
S 32 208 -48 208 0 1 false 0 2
g -48 224 -48 240 0 0
g 320 336 320 352 0 0
R -48 384 -48 352 0 0 40 3.3 0 0 0.5
R -48 192 -48 160 0 0 40 3.3 0 0 0.5
p 640 512 640 576 3 0 0
g 640 576 640 592 0 0
